2 5 6 9 10 11 15 17 19 20 21 22 25 26 30 32 36 39 41 43 46 47 52 53 54 55 56 57 61 62 63 65 69 73 74 75 78 79 80 85 86 87 88 89 90 95 97 98 104 106 107 108 110 111 113 114 115 117 118 120 125 128 129 132 134 136 139 140 141 143 147 150 151 152 153 156 157 159 160 162 166 167 168 170 171 172 176 178 179 180 181 
1 3 5 6 8 9 10 12 13 14 15 16 17 23 25 30 31 33 34 35 37 40 47 48 50 52 53 54 56 57 59 65 67 68 72 74 75 76 77 79 81 88 89 94 101 105 108 111 113 114 115 116 117 119 120 121 122 127 128 129 130 132 133 134 135 136 137 138 139 140 145 146 147 148 149 152 153 160 161 162 163 164 165 167 170 171 172 173 174 177 179 
0 2 4 6 7 13 15 16 18 23 25 26 31 33 36 39 41 43 45 50 51 52 53 55 56 60 61 63 64 66 67 68 71 72 77 78 79 83 84 86 87 89 90 91 92 93 94 95 96 97 98 99 102 103 105 108 110 113 114 115 116 119 120 121 124 126 127 129 130 131 132 133 134 136 142 145 146 148 151 152 153 156 158 159 165 167 174 175 177 179 180 
0 2 3 6 8 11 14 18 23 30 33 34 35 36 38 39 40 41 42 43 45 46 47 48 52 53 54 55 56 61 62 63 66 72 73 78 80 83 84 86 87 89 90 91 92 93 94 96 97 100 101 103 105 106 107 109 111 112 116 118 119 120 123 124 126 127 129 130 131 133 135 136 140 143 145 149 151 153 155 156 159 160 161 166 167 169 175 178 179 180 181 
2 3 5 6 8 11 12 13 16 17 18 19 22 23 27 28 29 32 34 35 38 39 41 48 50 52 53 54 55 56 57 58 60 61 62 63 68 71 72 78 79 81 84 85 87 89 93 96 97 99 100 102 103 104 105 106 109 110 111 114 115 116 117 119 122 123 124 127 128 129 131 132 135 136 138 145 146 148 151 157 160 162 163 166 168 171 172 175 177 178 179 
2 3 4 5 6 7 8 9 10 13 14 15 18 20 21 22 25 26 27 30 32 33 34 35 37 39 42 46 47 50 52 55 57 59 60 61 62 63 64 68 72 73 75 76 78 83 88 90 91 92 94 102 103 105 110 112 113 114 115 116 117 118 119 120 121 122 130 132 134 136 137 138 141 142 144 146 147 150 152 158 160 162 165 170 171 172 174 175 179 180 181 
1 2 3 4 5 6 9 13 14 15 18 20 23 27 30 31 34 38 39 40 41 42 47 50 52 53 54 58 61 63 64 65 66 67 68 69 70 71 78 80 82 83 85 86 89 90 91 95 97 99 100 102 104 105 106 110 111 113 114 116 119 120 121 128 130 131 132 135 142 148 150 152 154 155 156 157 158 159 161 162 164 166 167 170 171 174 175 176 177 180 181 
2 6 7 9 10 11 13 16 18 19 20 23 24 25 26 30 33 34 35 36 39 41 46 51 53 57 58 59 60 62 64 65 68 70 71 74 78 79 81 82 89 90 91 94 97 98 99 101 103 109 110 112 114 115 116 118 119 122 123 124 125 127 128 130 132 137 138 140 141 142 143 144 145 148 150 153 154 155 159 160 161 162 164 165 166 169 170 171 173 174 177 
1 3 4 7 9 10 12 13 14 16 18 21 23 24 25 27 30 31 32 33 34 35 36 38 39 40 41 46 50 51 52 53 55 56 57 59 60 62 63 66 69 75 76 78 79 80 82 87 89 92 93 96 97 98 99 101 103 104 105 107 108 109 110 111 114 115 117 120 122 123 129 130 131 132 135 139 141 142 143 144 145 151 155 162 163 165 168 169 174 178 179 
0 2 3 4 7 9 10 11 13 16 18 20 22 23 25 30 31 33 36 39 43 46 47 48 49 51 52 53 54 55 57 59 60 63 64 67 68 69 70 71 72 74 75 77 80 81 86 87 88 91 92 93 94 98 101 104 107 108 109 111 116 117 118 121 123 125 126 129 130 132 133 135 136 139 140 141 142 143 146 147 151 152 154 156 158 161 167 173 174 175 180 
1 4 5 8 12 14 15 16 17 18 20 21 22 26 32 33 34 35 36 41 44 47 58 61 63 64 69 70 71 75 76 78 79 80 81 82 83 85 87 88 89 91 92 93 94 98 99 101 104 108 110 111 113 114 115 116 118 119 120 125 127 128 129 132 133 138 139 140 143 144 146 148 150 152 154 155 156 159 160 161 162 163 164 165 168 169 172 173 174 176 177 
3 5 6 8 10 13 14 15 16 17 18 19 20 21 23 24 25 36 37 38 40 43 44 45 46 47 49 52 54 55 56 57 58 60 63 64 67 68 70 73 75 77 78 79 82 84 85 86 88 94 96 97 98 101 104 106 107 110 111 112 114 117 118 121 122 127 128 129 130 131 132 135 136 139 140 141 143 144 148 151 155 157 158 161 167 168 173 174 175 177 181 
0 3 4 5 7 10 12 14 15 19 20 21 22 23 28 29 31 33 35 42 44 45 49 52 55 56 57 59 60 61 63 65 66 67 68 69 71 73 75 76 78 80 81 82 87 89 90 91 92 94 98 99 100 101 104 105 109 113 114 115 118 124 126 130 131 132 134 135 138 139 141 145 147 148 152 156 157 158 159 162 163 164 166 167 169 172 174 175 179 180 181 
1 8 9 11 12 13 15 17 19 21 22 24 25 28 31 32 33 34 35 36 39 41 42 43 44 45 48 51 53 54 55 56 58 59 61 63 64 66 69 73 74 75 76 79 81 82 84 85 86 92 93 94 96 101 103 104 105 107 109 111 113 114 115 118 119 122 123 125 131 132 133 139 140 144 145 147 149 154 156 158 160 161 162 165 166 168 169 171 174 176 177 
0 2 5 6 7 9 12 13 14 17 19 21 24 25 26 27 29 31 35 37 39 40 43 44 46 47 48 52 55 56 59 60 62 69 70 71 72 74 76 78 79 83 84 85 89 90 91 93 94 95 100 103 107 109 113 114 115 116 119 121 122 125 127 128 129 130 135 137 138 141 143 144 145 148 149 151 153 155 159 160 162 163 164 165 166 167 168 170 174 175 177 
1 3 5 8 10 12 14 15 17 19 20 22 28 29 30 31 34 36 37 39 40 41 42 44 48 50 52 53 55 65 66 67 70 71 72 73 74 75 77 78 79 80 82 83 84 88 91 92 94 95 96 97 99 100 101 104 106 111 114 116 117 118 121 123 124 125 127 128 131 132 133 137 139 140 142 143 144 147 148 154 157 158 165 166 168 171 172 175 177 179 180 
0 2 3 4 7 8 9 12 14 16 23 24 26 28 30 34 36 37 39 40 42 43 45 47 48 49 50 54 56 61 65 66 69 72 73 78 79 80 83 85 87 88 93 94 96 98 99 100 102 103 105 106 109 110 111 114 116 119 120 121 125 128 130 131 132 134 135 138 139 141 142 145 146 147 149 151 152 154 155 156 159 160 162 163 168 169 170 172 173 179 180 
3 4 5 6 9 13 14 17 19 21 23 26 27 28 31 32 35 36 39 40 41 42 43 44 45 46 47 49 51 52 54 55 56 59 60 62 65 69 73 74 77 79 82 83 86 88 90 92 94 95 96 97 98 101 104 108 109 110 112 113 116 118 120 124 125 127 128 130 131 134 135 138 139 140 143 145 146 148 152 156 160 161 165 166 167 170 171 174 175 180 181 
1 4 5 6 8 9 10 18 21 22 23 26 27 29 31 32 35 39 41 42 43 44 47 49 50 53 54 57 59 61 65 67 68 70 71 72 73 74 76 80 82 84 85 88 89 91 93 98 99 100 104 105 106 108 110 112 116 117 120 122 124 125 126 127 128 129 130 131 132 133 134 139 140 142 143 149 150 155 157 161 163 164 165 166 168 172 173 177 178 179 181 
2 4 5 7 9 17 18 20 21 24 27 31 33 34 40 47 50 52 53 54 57 58 59 60 65 68 70 71 72 73 74 76 77 78 79 80 82 83 86 88 89 91 93 94 96 98 101 102 103 105 106 108 110 113 115 116 118 121 122 123 125 127 128 129 130 131 132 135 136 138 139 140 141 142 143 144 145 148 152 153 154 155 158 159 160 163 168 169 171 174 179 
2 3 5 8 9 10 14 18 19 22 24 25 30 32 35 36 38 40 41 42 44 46 47 52 54 56 57 58 61 64 65 69 73 81 82 84 85 86 87 88 90 91 92 93 94 96 97 99 100 103 104 105 106 110 111 112 114 115 121 122 124 125 126 128 131 132 134 135 136 138 139 140 143 148 150 153 154 163 164 165 166 167 168 170 171 172 173 175 176 178 181 
0 4 6 9 11 14 19 20 21 22 23 24 26 28 29 34 35 36 37 39 41 42 43 45 46 49 50 51 53 56 60 62 68 70 72 75 77 78 86 87 90 91 92 93 94 95 99 103 106 108 110 112 113 114 115 119 121 123 124 126 128 130 132 133 134 135 139 140 141 145 148 149 152 153 154 155 157 159 160 162 164 165 166 168 172 174 175 176 178 179 181 
1 3 6 8 11 12 13 14 18 19 20 21 22 23 24 25 31 32 34 36 37 38 40 42 43 44 46 48 51 52 57 58 62 63 65 66 67 68 73 74 75 78 79 81 83 85 88 89 90 91 92 93 94 95 99 102 105 106 108 110 113 117 118 119 121 122 127 131 133 137 141 144 145 146 148 149 151 153 154 156 157 158 159 161 163 164 166 168 172 173 175 
0 2 3 4 6 8 10 11 13 14 17 18 20 23 24 25 28 29 33 38 39 40 43 44 46 50 51 54 55 56 57 58 59 60 61 64 67 70 71 72 76 78 82 83 85 87 88 90 91 94 96 101 102 103 104 109 112 114 117 119 121 122 123 124 127 128 132 134 135 136 137 140 141 143 144 145 146 148 152 153 154 155 158 160 161 162 164 167 168 172 181 
0 1 2 3 4 8 13 15 16 18 20 21 27 28 29 30 33 34 38 39 40 42 45 48 50 51 52 53 56 58 62 67 68 69 70 72 75 77 78 80 81 83 85 86 87 88 89 91 92 93 94 98 100 102 104 105 106 109 110 111 112 114 115 116 121 122 123 124 125 127 128 129 133 140 141 142 143 144 146 149 152 153 155 159 161 162 166 169 172 173 178 
0 2 3 4 11 13 15 19 20 22 23 25 27 36 38 40 44 46 48 49 52 53 55 57 58 61 62 64 69 71 80 81 83 86 87 88 89 90 91 92 93 95 96 100 101 103 104 107 108 110 112 113 114 117 119 120 124 125 126 131 132 133 134 135 136 137 143 144 145 146 149 151 153 154 155 159 160 161 163 164 165 166 167 168 169 171 172 174 178 179 181 
0 1 3 7 8 10 11 12 13 15 17 18 19 21 24 25 26 27 28 30 31 32 34 37 38 39 40 41 42 43 46 49 53 54 60 63 67 70 72 76 77 78 81 82 86 88 89 90 92 93 96 97 98 100 107 111 113 114 118 119 120 121 124 127 130 131 132 133 134 136 145 146 152 153 154 157 158 159 160 161 162 163 165 167 168 169 170 171 174 175 181 
0 1 2 4 6 7 8 9 13 14 17 18 20 21 22 24 27 29 30 34 37 38 40 43 44 46 48 49 52 54 56 57 58 63 66 69 74 77 79 80 81 82 84 86 87 90 94 96 97 100 102 103 104 105 106 107 108 109 112 113 116 117 121 122 125 126 127 128 129 131 134 137 139 142 144 145 146 148 155 156 157 158 164 166 167 168 170 171 175 177 178 
0 1 2 4 6 9 10 11 17 20 22 24 27 28 29 31 33 35 37 38 39 40 41 42 43 44 45 48 49 50 57 61 62 63 64 65 67 68 70 72 77 79 82 84 85 86 88 90 93 94 96 97 98 101 105 106 107 114 115 119 120 121 125 126 128 131 135 136 138 140 141 142 143 144 145 147 148 149 150 152 156 158 159 169 171 172 173 175 176 177 181 
0 2 4 5 6 10 11 13 18 19 20 25 28 29 31 32 34 35 36 37 39 42 45 46 47 50 52 55 58 61 63 66 68 69 71 72 73 75 76 81 82 83 84 91 93 96 97 100 101 102 103 104 107 109 113 114 116 119 121 122 123 126 129 130 131 134 135 136 139 140 141 142 146 148 149 150 151 152 154 155 158 164 165 167 169 170 171 172 174 176 179 
0 3 4 5 6 7 11 12 13 14 15 20 24 26 28 30 31 36 37 41 42 46 47 48 51 53 54 57 58 60 62 63 64 65 68 71 72 73 75 76 79 80 82 83 88 89 90 91 94 96 102 106 107 109 110 112 113 114 118 120 122 124 125 126 129 130 133 134 135 137 139 140 141 144 147 148 150 153 154 161 163 165 166 169 170 171 172 173 174 176 180 
1 2 7 8 9 11 13 17 18 20 23 27 30 32 35 39 40 41 45 47 48 49 50 53 61 63 65 66 67 68 69 72 73 76 77 78 80 82 85 87 88 89 90 91 92 95 97 101 104 108 109 110 112 115 117 118 119 121 122 123 124 125 128 129 130 131 132 134 136 138 142 143 144 145 146 148 149 150 151 152 153 160 162 163 166 169 170 173 178 180 181 
0 2 3 4 5 6 9 10 11 14 15 17 21 22 23 25 27 28 29 30 31 32 37 40 45 46 50 51 52 54 56 58 59 60 63 65 66 67 68 69 74 76 79 81 82 85 87 88 89 92 93 94 96 97 98 99 103 104 105 106 110 112 115 116 119 125 126 128 131 133 136 139 144 146 147 151 152 158 161 162 165 166 167 168 169 171 175 177 178 179 180 
1 3 12 13 15 16 26 27 28 29 34 40 41 45 47 52 54 55 56 58 60 61 62 63 64 65 66 67 68 72 76 77 79 80 82 83 85 86 87 88 91 92 93 95 97 98 99 102 105 106 110 111 112 113 114 115 116 117 119 120 122 123 125 128 129 133 134 137 144 145 146 148 149 150 153 154 155 156 162 163 164 165 166 169 170 171 176 177 178 180 181 
1 2 3 5 6 11 14 15 17 19 23 31 33 34 35 36 38 39 40 42 44 45 46 48 52 54 55 56 57 58 59 60 62 65 67 68 69 70 72 74 75 76 78 79 80 82 83 86 87 91 94 95 98 100 101 102 104 107 108 109 111 115 119 124 125 126 128 131 132 134 136 139 141 143 147 150 153 154 157 159 160 161 162 163 164 168 172 174 177 178 179 
0 6 7 8 9 13 14 16 17 19 22 23 28 29 30 33 35 36 37 38 39 41 43 44 48 49 52 56 57 59 60 64 66 67 68 72 74 78 79 80 82 83 84 85 86 90 91 94 98 99 101 102 103 105 106 111 112 113 118 119 120 121 124 127 128 129 132 133 137 138 141 142 145 146 147 148 153 154 158 161 162 164 165 166 167 169 173 174 176 178 181 
0 1 2 4 5 6 9 11 13 15 17 18 21 23 24 25 26 27 28 31 32 35 38 42 43 44 45 46 48 49 51 52 53 58 59 60 62 63 68 75 79 81 83 86 92 94 95 98 100 102 104 107 109 111 112 113 115 116 118 119 120 125 126 127 128 130 131 132 137 138 139 142 143 144 145 146 148 149 155 157 159 160 167 168 172 173 174 177 178 179 181 
0 1 10 12 13 14 16 17 22 26 29 32 34 35 37 39 41 42 46 48 49 52 55 56 58 59 60 64 67 68 69 71 72 73 77 79 81 82 84 85 86 89 90 92 93 96 97 98 99 100 101 103 106 107 110 117 119 120 121 122 123 124 127 131 132 133 136 137 138 140 143 144 147 148 150 152 154 156 157 158 159 161 165 170 172 173 174 175 176 178 180 
0 2 4 5 7 9 14 15 18 19 21 23 24 26 30 31 33 35 36 37 38 39 40 42 46 49 50 51 52 53 55 59 60 65 67 69 71 73 78 79 81 82 83 84 86 87 90 91 96 100 101 102 106 111 112 116 119 122 128 129 131 133 134 136 137 138 141 144 145 146 147 150 151 153 155 156 158 160 163 164 165 166 168 170 172 173 174 176 178 179 181 
0 2 3 4 5 6 10 11 12 13 14 18 19 20 21 22 23 24 26 27 28 29 30 35 36 37 38 42 44 47 48 50 51 53 55 60 61 64 65 69 70 71 72 74 75 78 79 80 82 83 86 89 90 91 93 94 96 98 103 104 106 109 110 111 113 116 118 119 123 125 126 127 140 147 150 153 154 155 157 158 159 162 163 164 166 167 169 174 176 177 180 
1 2 4 9 11 14 15 16 17 19 22 28 29 30 31 32 33 34 35 38 39 41 42 44 45 50 51 52 54 56 62 63 67 68 69 70 73 74 75 77 78 81 84 85 87 89 91 92 94 95 102 104 109 110 113 116 117 121 122 123 124 126 128 129 130 132 135 137 138 140 141 142 143 145 148 151 152 155 157 158 161 162 163 170 171 174 175 176 178 179 180 
0 2 3 6 9 11 12 13 14 15 16 17 18 19 21 22 24 25 26 27 28 29 35 37 38 41 42 44 46 51 52 53 54 56 59 62 63 66 68 69 73 76 77 79 82 85 87 92 93 94 95 96 100 102 105 106 109 110 112 118 119 121 122 126 127 128 129 130 132 133 134 136 138 139 142 144 146 148 150 151 157 160 161 165 166 167 170 171 172 174 180 
2 4 5 8 10 11 14 15 18 19 20 23 24 25 26 28 32 35 36 40 41 42 50 51 52 53 54 55 56 57 61 62 63 64 67 69 70 71 72 75 76 80 81 83 87 95 96 97 100 102 103 105 108 109 111 113 116 117 118 119 120 125 126 127 130 134 135 137 138 141 142 146 149 151 153 154 157 158 160 161 163 165 166 167 168 172 173 177 178 180 181 
2 3 6 7 10 13 15 17 18 19 20 24 25 26 28 29 30 32 34 35 39 41 42 45 47 50 51 55 59 62 68 69 70 72 73 76 79 80 81 82 83 85 86 87 90 91 92 93 95 96 98 103 104 109 111 112 113 118 119 120 122 123 124 125 127 132 135 136 138 141 142 143 146 148 150 152 155 157 161 162 163 164 165 169 170 172 175 176 177 178 181 
3 5 7 11 12 13 16 20 21 23 29 31 32 33 34 36 38 44 46 47 49 53 54 59 61 62 64 66 67 68 74 75 77 78 79 83 86 89 91 92 93 94 100 102 103 104 105 108 109 110 111 113 117 118 120 124 125 131 132 133 134 135 136 137 139 140 141 142 143 144 146 147 149 150 152 153 155 157 159 162 163 166 167 168 169 171 172 175 177 179 180 
1 2 3 4 6 8 9 10 11 12 14 16 17 19 20 21 22 26 31 34 35 36 38 39 42 49 51 52 53 55 56 57 58 60 62 68 69 71 72 74 76 79 81 82 85 87 88 89 91 95 102 103 104 106 108 110 112 113 114 116 123 124 125 126 129 132 133 134 135 138 140 141 142 143 146 154 156 158 159 163 164 165 166 167 168 170 171 173 176 179 181 
1 3 6 7 8 9 12 13 14 15 18 22 24 25 30 32 33 34 42 43 46 47 49 52 55 56 57 60 62 63 64 65 66 67 70 71 72 73 83 85 86 87 88 91 96 97 98 101 107 108 109 112 115 117 119 120 122 123 124 125 126 128 129 131 132 136 138 140 141 143 148 150 151 152 155 156 157 158 160 162 163 164 166 167 168 172 173 174 176 178 181 
3 6 8 11 12 14 16 17 19 20 23 24 26 30 31 33 37 38 40 43 45 46 49 51 52 53 55 62 63 67 68 70 72 73 74 75 76 78 79 82 83 84 86 92 95 99 101 102 103 104 105 107 112 113 114 117 120 121 122 123 124 125 126 129 130 132 134 135 136 141 143 145 147 150 152 157 158 159 161 163 164 165 167 168 172 173 175 178 179 180 181 
0 1 2 3 7 9 10 11 12 14 15 16 17 19 22 24 28 29 30 33 35 36 37 39 40 42 47 49 52 53 54 55 57 61 63 67 69 72 75 79 87 88 90 92 94 95 96 98 99 102 103 104 105 106 107 111 115 116 117 118 119 120 126 127 128 129 130 131 133 134 135 138 139 146 147 148 149 150 151 153 154 160 164 165 166 169 171 177 179 180 181 
0 2 3 4 7 9 10 11 14 15 17 18 24 25 27 28 30 33 34 40 42 43 44 46 47 48 50 51 52 53 55 57 59 61 62 65 69 70 71 72 76 78 80 81 82 84 85 87 88 89 90 91 92 95 96 99 101 102 103 108 110 112 113 114 115 117 125 128 130 131 136 137 139 140 143 146 150 151 153 157 158 159 160 161 162 163 167 170 172 174 176 
1 2 3 6 8 9 11 15 18 19 20 22 24 26 30 31 32 34 39 40 41 43 45 50 51 52 58 63 64 65 66 67 68 71 72 73 74 77 78 80 81 85 86 87 90 91 93 96 97 99 101 104 111 112 116 118 120 121 122 127 129 132 133 134 135 136 139 140 141 142 143 145 146 147 148 149 150 154 156 157 158 160 162 165 167 171 173 174 175 178 179 
0 1 2 4 5 6 7 8 9 11 12 13 14 15 16 17 23 24 26 31 32 33 34 36 37 39 42 44 45 46 47 48 50 54 56 59 60 64 65 67 68 69 71 73 74 79 80 81 85 88 90 91 93 94 97 98 104 105 109 112 114 120 122 123 127 129 130 131 132 134 135 136 139 140 141 144 147 156 159 160 161 162 163 164 165 168 170 175 176 180 181 
0 1 3 4 5 9 11 14 15 19 22 24 26 27 28 29 30 32 34 37 40 43 44 45 47 48 49 50 51 57 58 59 62 63 64 66 67 68 69 71 77 79 80 84 89 91 93 97 99 100 101 102 103 105 107 108 110 114 115 116 117 118 119 121 123 124 126 130 131 133 134 137 138 139 140 141 142 143 147 148 149 153 155 162 166 169 171 173 174 176 178 
1 4 5 6 8 10 11 14 15 17 18 23 26 27 30 32 35 36 37 38 39 40 41 42 46 47 48 51 52 53 59 60 63 66 69 74 76 81 82 85 90 91 94 95 96 100 101 103 105 106 107 110 111 112 113 116 118 120 121 123 124 125 128 131 134 136 137 138 139 142 145 146 151 152 153 154 155 156 158 159 160 161 162 164 165 167 169 170 174 179 181 
2 5 6 8 14 18 19 28 29 30 33 34 35 36 37 38 39 41 42 44 45 50 52 53 54 56 58 62 63 64 65 66 67 68 70 72 73 74 77 78 80 83 84 86 87 89 90 92 95 99 100 101 102 103 104 105 106 110 111 113 114 120 121 125 127 129 131 135 139 140 141 146 147 148 149 151 155 156 159 160 162 164 168 171 173 174 175 177 178 180 181 
1 3 6 7 9 11 12 13 14 15 16 17 19 20 21 22 25 27 29 32 34 36 37 39 40 43 50 51 52 56 60 61 63 65 66 68 71 74 75 77 78 81 82 84 85 89 91 92 95 99 104 105 108 112 114 115 116 117 118 119 124 125 126 128 131 132 133 137 140 142 144 145 149 150 151 152 153 154 155 156 157 158 161 165 166 169 173 176 177 178 181 
0 1 3 5 6 8 9 10 14 18 20 21 26 28 29 30 35 36 37 38 39 41 43 46 48 50 51 54 55 56 58 59 63 65 67 71 72 73 76 80 84 86 88 91 93 94 96 98 99 102 104 105 106 108 109 112 113 115 117 120 122 123 124 125 126 128 129 130 133 135 136 137 140 141 144 146 147 150 151 154 155 159 163 164 168 171 172 173 175 177 178 
3 4 9 10 11 13 15 17 20 22 23 24 26 34 37 38 39 43 45 46 48 52 57 59 60 62 63 64 66 70 72 73 74 75 76 77 79 81 82 84 86 87 88 89 90 92 93 96 97 101 102 103 104 105 106 109 114 115 117 118 120 121 122 125 126 131 132 134 135 136 138 140 145 147 149 151 152 154 156 159 160 162 163 167 168 172 175 176 177 178 179 
0 1 3 5 7 8 11 16 18 21 23 25 27 31 32 34 35 36 37 39 43 45 47 48 51 52 53 54 57 58 61 64 66 68 70 73 74 76 78 79 81 82 83 86 87 89 90 91 92 93 99 101 102 103 106 108 109 110 112 114 118 119 122 126 127 128 129 131 132 134 138 139 140 143 144 145 146 149 150 152 156 158 160 161 164 165 166 170 171 173 174 
2 3 5 6 8 9 11 12 14 17 21 25 26 29 32 36 37 38 39 40 41 42 44 45 46 47 48 49 50 52 53 55 56 67 72 73 75 77 78 82 84 87 88 90 92 93 96 98 99 101 105 107 109 113 116 117 118 120 121 122 124 127 128 129 132 133 134 135 136 137 140 145 146 149 152 156 158 159 160 161 162 164 165 166 167 171 172 174 177 179 180 
0 3 5 7 8 10 11 12 14 16 18 19 20 21 23 24 25 27 29 34 36 37 42 45 50 52 53 54 55 56 58 59 61 62 63 69 71 73 76 77 78 79 80 82 84 85 87 92 93 94 96 99 101 103 104 105 107 109 110 111 112 115 118 119 122 126 127 131 133 135 136 139 140 142 145 146 147 148 149 150 152 154 157 158 159 160 161 166 169 177 178 
1 3 5 7 9 10 12 15 16 17 19 21 27 28 29 30 35 36 38 40 41 43 44 47 48 52 54 56 57 63 65 66 67 70 72 73 76 77 78 79 81 82 83 84 85 86 88 89 91 94 95 96 98 101 104 114 116 117 118 120 123 125 127 129 131 132 133 137 138 139 140 141 144 149 151 152 153 154 155 157 158 163 164 165 168 170 171 172 174 175 181 
0 2 3 6 7 10 11 12 16 19 21 23 25 26 28 29 30 32 33 36 41 43 44 47 49 50 51 54 55 58 59 60 63 64 65 66 69 72 73 74 75 77 79 83 85 92 95 100 103 104 107 110 111 114 115 122 123 124 125 126 129 130 132 133 135 136 138 139 141 142 144 146 155 157 158 160 161 162 163 164 165 166 167 170 171 172 173 175 176 178 180 
1 2 3 7 9 10 11 12 14 16 17 19 20 21 23 25 29 30 32 35 38 39 42 44 45 47 54 55 56 57 62 63 64 65 67 68 70 72 75 76 77 81 82 83 84 88 89 91 92 95 97 100 101 102 103 105 106 108 109 111 112 113 116 118 124 126 127 130 131 134 135 137 138 142 143 144 147 149 150 152 153 154 162 165 166 171 172 174 175 176 181 
0 1 2 5 6 7 8 9 10 13 14 17 19 21 22 23 27 28 29 33 34 35 37 41 44 45 46 47 49 51 52 53 54 61 65 66 69 71 73 75 81 82 85 86 93 97 98 100 101 103 104 105 107 108 111 113 117 119 120 122 123 126 129 131 134 135 137 138 143 144 149 150 154 155 156 158 160 163 164 165 166 167 168 169 172 173 175 176 177 178 181 
1 2 4 8 10 11 13 14 16 18 19 20 23 26 30 35 38 40 41 43 47 51 55 57 59 60 62 64 66 67 68 69 70 72 74 75 76 79 81 83 85 87 89 90 92 93 98 99 102 104 107 108 110 111 112 113 115 117 119 121 122 125 126 127 129 131 134 136 137 139 140 141 146 148 149 152 155 157 159 160 161 163 164 167 168 169 173 174 175 177 180 
0 1 5 6 8 11 13 16 17 18 24 25 26 28 29 30 33 36 41 44 46 50 53 54 55 57 58 59 60 61 63 65 67 72 73 75 76 77 78 80 83 85 86 90 92 94 95 96 98 99 100 102 106 109 111 114 115 116 118 120 122 124 126 128 129 131 132 133 134 135 140 141 144 147 148 152 153 156 157 159 160 161 162 163 166 169 170 174 179 180 181 
0 1 2 4 7 8 10 11 13 14 15 20 21 22 23 24 28 33 35 36 38 39 41 42 43 45 46 47 48 50 55 57 59 60 61 63 68 72 74 78 79 81 85 87 88 89 93 94 95 96 98 99 100 101 102 103 104 105 106 109 110 111 112 119 120 121 123 124 125 127 128 129 130 136 139 142 144 145 146 148 150 152 153 158 160 168 172 173 178 180 181 
0 4 5 7 8 9 11 12 13 14 15 17 18 19 21 23 24 25 27 29 30 34 36 42 44 45 48 49 51 53 54 56 58 60 61 63 64 66 67 68 69 72 73 74 76 78 79 81 82 83 85 87 88 89 90 92 101 102 108 109 111 112 113 115 117 118 119 121 126 127 128 130 138 139 141 143 145 147 150 151 152 155 157 158 159 160 167 173 175 179 181 
0 1 2 3 4 7 8 10 14 15 17 18 22 27 28 29 31 32 33 34 37 38 39 42 45 48 49 50 51 53 57 58 60 61 64 66 67 70 74 76 77 79 81 82 89 91 93 94 98 100 102 103 105 110 113 115 116 118 120 121 122 123 124 126 127 132 133 134 136 137 138 139 140 141 142 144 146 151 152 154 155 156 157 165 166 168 171 172 176 177 178 
1 8 10 11 13 14 15 19 22 23 26 31 33 34 35 38 39 40 41 44 45 46 49 50 51 52 53 57 60 61 62 64 66 67 68 69 70 73 74 75 76 86 89 91 92 95 98 99 100 102 103 105 110 111 113 114 115 116 119 120 121 124 126 130 133 134 136 137 138 140 144 145 146 148 149 150 153 154 159 160 162 163 164 170 172 173 175 176 177 178 179 
0 6 10 11 12 13 18 19 20 21 24 25 27 28 29 32 34 35 37 38 39 40 41 42 44 45 46 48 51 52 53 55 56 57 59 65 67 69 70 71 72 73 76 77 79 81 86 90 94 96 98 99 100 102 106 108 117 120 123 124 125 127 129 130 131 135 139 140 142 143 144 145 149 151 153 159 160 161 162 163 164 166 169 171 172 174 175 176 178 179 181 
1 4 7 9 11 12 13 14 19 23 24 25 26 28 30 31 33 35 37 42 43 44 48 49 50 52 53 55 56 59 62 63 64 65 66 69 73 74 75 76 78 79 80 81 82 83 85 86 88 90 94 96 99 100 102 104 106 109 111 115 116 117 123 124 125 126 130 131 132 133 134 135 138 139 147 153 154 155 156 157 162 164 167 169 170 171 172 173 174 178 181 
1 3 4 6 7 8 9 10 13 14 15 18 19 21 23 26 28 29 32 34 37 39 45 48 49 56 61 63 64 65 66 67 68 70 72 73 74 76 77 78 80 82 83 84 86 89 90 91 96 98 101 102 104 105 106 108 109 110 112 115 116 119 121 124 128 130 132 133 134 140 141 142 145 146 147 148 151 152 154 158 159 160 161 162 166 167 171 174 176 177 178 
1 2 3 4 10 11 13 15 16 17 18 19 20 22 24 25 29 30 32 36 37 38 40 41 43 46 47 48 49 50 51 52 53 54 55 57 59 61 67 68 70 72 73 74 76 79 81 84 87 88 92 94 95 99 100 102 105 108 110 111 112 113 115 116 118 119 121 127 128 129 130 131 133 135 137 139 147 149 153 157 158 159 162 166 169 173 174 175 176 178 180 
1 3 4 8 9 10 11 12 13 15 16 17 22 23 28 29 31 32 34 38 42 43 44 45 46 50 52 54 56 57 59 61 62 63 64 65 69 72 73 74 75 76 79 80 82 86 87 89 90 92 94 95 97 98 101 103 109 110 111 112 116 118 121 123 124 126 127 128 130 131 136 137 143 144 146 148 150 152 153 155 161 162 163 164 165 166 167 170 172 174 176 
0 2 3 4 6 8 12 13 15 16 17 18 21 24 27 29 35 36 39 40 42 44 47 48 50 51 52 53 57 60 61 63 64 68 72 73 74 75 77 78 80 81 83 85 87 89 90 91 93 94 95 96 98 99 101 102 107 110 117 118 123 124 125 126 128 131 132 133 134 135 136 137 142 144 147 148 149 150 153 154 155 158 159 160 166 169 171 172 173 176 181 
1 3 7 9 10 12 15 16 17 19 20 22 25 29 30 32 33 35 38 42 43 44 46 50 54 56 58 59 61 63 65 67 69 70 72 73 74 76 77 78 84 86 87 88 90 94 96 99 101 102 104 105 106 110 111 114 116 117 121 122 123 124 125 126 128 134 135 139 140 141 144 146 147 148 149 150 151 156 161 162 164 166 167 168 172 173 174 175 179 180 181 
0 1 3 7 9 10 13 14 17 19 21 22 26 27 29 31 32 33 34 37 39 42 43 48 51 55 56 57 62 63 65 66 67 68 69 71 73 75 78 79 80 81 84 85 86 88 89 91 94 98 101 102 104 106 107 109 114 116 117 118 119 122 124 125 126 127 130 131 135 136 137 141 143 144 145 146 147 150 157 158 159 160 161 163 164 165 168 173 174 177 178 
1 3 4 5 7 9 10 11 12 14 15 16 17 22 26 31 33 34 38 39 46 47 54 55 56 57 59 60 61 64 66 67 68 70 71 72 73 74 76 78 79 80 82 83 85 88 89 90 91 93 94 100 101 105 106 111 112 118 119 120 125 126 132 134 135 136 137 138 139 140 142 143 145 150 151 152 156 157 158 160 161 163 165 168 169 170 171 173 174 175 179 
2 3 4 5 8 12 14 15 16 18 21 23 24 25 27 28 29 31 32 33 38 42 43 44 47 48 51 55 56 59 60 62 63 65 66 67 68 69 72 75 77 82 83 86 91 94 95 100 103 105 108 109 110 111 113 114 116 117 118 121 122 123 128 130 131 134 137 139 142 146 150 151 152 153 154 155 157 158 159 162 164 165 168 170 171 172 173 176 178 179 180 
4 8 9 10 12 13 17 19 21 22 24 26 27 28 29 30 31 32 33 36 37 40 42 46 51 58 59 61 62 63 66 67 74 79 83 84 85 86 89 93 95 96 97 98 99 102 105 106 107 109 110 113 114 115 116 117 119 120 121 123 124 126 129 130 132 135 136 137 140 141 146 147 148 149 151 153 154 156 158 159 160 162 164 165 166 168 171 173 175 176 179 
0 2 3 4 6 10 11 15 16 19 20 23 24 26 29 35 36 40 41 44 45 47 48 49 52 55 56 57 58 59 60 61 62 64 65 69 70 71 72 73 76 78 79 81 83 84 85 88 91 92 93 94 95 99 101 102 103 106 109 110 111 112 114 118 120 122 123 125 127 132 137 141 142 143 144 146 149 150 154 156 159 161 164 167 168 170 172 176 177 179 180 
1 3 4 14 15 16 17 19 20 21 25 26 28 29 31 33 35 36 39 41 42 43 44 45 46 47 48 50 56 57 58 59 60 63 64 66 68 70 71 72 74 78 80 81 83 87 89 91 93 99 100 103 104 106 108 109 111 113 114 117 118 120 121 122 127 128 130 131 132 135 138 139 140 141 143 145 155 156 159 160 161 166 167 168 169 170 171 175 176 179 181 
1 3 5 6 7 8 9 11 13 17 19 20 21 22 25 30 31 34 38 39 43 46 47 49 50 53 56 57 58 60 62 66 67 68 69 70 73 74 76 77 79 81 83 84 86 88 89 92 96 97 98 99 101 102 103 109 111 115 117 119 120 121 122 124 125 130 132 133 134 136 137 140 142 143 144 146 152 154 159 161 162 163 164 166 167 170 171 172 173 174 179 
3 7 8 10 13 15 17 19 24 25 26 27 28 30 31 32 33 34 36 45 47 48 50 51 54 58 62 65 66 67 68 70 71 72 73 74 75 76 80 82 85 88 90 93 94 96 97 100 102 103 104 105 106 107 108 109 111 112 113 114 118 121 122 124 125 130 132 135 137 139 140 144 145 148 150 151 153 154 155 156 157 158 161 164 166 167 168 171 177 178 179 
3 6 7 11 14 15 20 23 24 25 28 30 32 33 34 35 38 39 40 41 44 47 49 50 52 54 55 56 57 58 60 62 66 68 69 70 71 73 76 79 80 82 86 89 90 91 94 96 98 99 100 102 105 106 107 109 110 111 116 119 120 123 125 126 129 132 134 135 136 137 138 139 140 142 143 145 153 155 156 157 160 164 166 167 170 172 174 176 177 179 180 
2 3 4 6 7 12 16 19 23 26 32 33 38 39 40 42 44 48 49 50 51 53 55 57 60 61 63 64 65 66 68 72 73 74 75 76 77 78 79 80 82 87 89 94 95 96 98 101 103 105 110 111 114 115 116 117 118 124 125 127 128 129 130 131 132 133 134 135 137 138 139 140 144 145 146 149 153 158 160 163 165 169 171 174 175 176 177 178 179 180 181 
0 2 3 7 9 11 17 21 25 27 28 31 32 34 36 37 39 48 50 51 53 55 57 58 59 60 65 67 68 69 70 71 73 74 75 77 79 83 84 86 89 90 91 92 93 95 97 98 99 103 106 109 112 116 117 118 121 122 123 124 125 126 127 128 133 134 136 137 138 140 143 145 146 149 150 151 154 155 158 160 161 162 163 164 165 168 169 170 175 176 180 
1 2 3 4 6 7 9 11 12 14 15 21 23 32 34 35 39 40 42 43 45 46 47 50 51 52 55 60 61 62 63 66 67 69 72 74 76 78 79 81 83 84 85 86 87 90 91 95 96 99 102 107 108 110 112 113 115 117 118 121 122 123 124 126 127 129 131 133 134 135 138 140 141 143 145 147 151 153 155 156 157 162 164 166 169 172 173 174 176 180 181 
0 3 4 5 6 7 8 9 12 15 20 21 25 26 27 28 29 30 31 34 36 42 44 46 47 52 59 61 62 66 68 69 71 72 77 78 82 88 89 90 92 94 95 97 98 99 101 103 104 105 111 112 117 118 119 120 122 123 124 126 130 131 132 133 134 135 136 137 141 142 143 144 148 149 151 153 155 156 157 160 161 162 163 165 170 171 176 177 178 180 181 
0 2 4 5 7 8 11 15 16 18 19 22 24 25 26 29 34 36 37 38 39 43 45 47 48 51 52 56 57 59 63 67 70 71 74 75 76 78 81 83 84 87 89 90 91 92 93 94 98 100 102 103 104 105 110 113 114 116 117 119 120 121 122 123 124 126 128 132 133 134 135 136 137 139 142 144 148 151 152 155 156 158 159 161 163 171 174 176 178 179 180 
3 6 7 8 9 10 12 15 17 21 22 23 24 27 31 32 35 37 38 39 40 41 45 47 48 51 52 57 59 60 62 63 64 65 66 67 69 70 73 74 75 77 78 80 83 86 88 92 94 97 99 101 106 108 112 114 116 117 119 120 121 126 127 128 130 131 132 133 134 137 138 140 143 145 148 150 151 152 155 156 159 163 165 168 171 172 173 174 176 177 178 
3 6 7 9 28 29 31 32 35 36 37 40 42 43 44 46 47 49 50 52 54 55 56 59 61 62 63 64 66 67 69 70 72 75 76 78 79 81 82 83 84 91 97 102 104 105 108 109 111 112 114 117 119 120 121 123 124 126 127 129 130 131 132 133 134 136 137 138 139 143 145 148 149 152 153 154 155 158 159 160 162 163 164 166 170 173 174 175 176 177 181 
0 1 2 5 6 8 12 15 18 21 22 26 27 28 29 31 32 33 34 35 36 39 40 42 43 44 50 52 53 54 55 56 57 59 61 67 68 72 78 81 84 86 88 91 96 98 99 100 104 105 106 111 112 113 115 120 121 124 125 128 130 131 132 134 135 136 138 139 140 142 143 144 145 148 149 150 155 156 157 159 160 161 162 163 164 166 171 172 174 175 178 
2 4 5 8 12 13 16 17 18 20 24 28 31 32 35 36 37 43 45 46 47 48 49 50 51 52 53 54 57 58 60 62 65 68 69 72 73 74 75 78 81 82 89 90 91 92 94 97 98 103 104 107 110 111 113 117 119 120 121 123 126 127 129 132 133 134 136 143 146 149 151 152 154 155 156 158 161 163 164 166 167 168 169 170 171 172 173 174 176 179 181 
2 3 4 5 6 12 13 14 15 16 17 18 20 21 26 29 33 34 36 41 42 43 45 46 52 53 55 56 59 60 62 64 66 67 69 70 71 72 75 76 80 83 85 86 87 93 95 96 97 98 102 103 105 108 109 112 115 116 117 118 119 121 123 124 127 128 129 131 132 133 135 138 139 143 149 153 155 156 157 159 160 164 166 169 170 172 173 174 177 179 181 
1 2 3 5 7 15 20 24 26 27 30 34 36 39 41 42 43 44 45 47 49 50 51 53 55 56 58 59 62 63 64 65 66 67 69 71 73 74 75 78 81 82 86 89 91 92 93 95 96 99 103 104 105 110 111 113 114 115 116 118 120 121 126 127 128 129 130 131 132 136 137 140 141 142 143 144 145 146 149 152 153 155 158 165 170 172 175 177 178 179 180 
0 1 5 8 15 16 17 18 19 20 23 24 25 26 28 34 35 37 40 43 44 46 47 50 52 53 55 56 60 62 63 64 65 66 70 72 74 75 76 79 81 84 85 87 89 90 92 93 97 98 99 100 101 103 105 112 115 116 117 118 120 123 124 125 128 129 130 131 134 135 136 137 138 140 142 143 145 148 149 151 153 160 162 167 169 171 172 174 175 176 177 
0 4 5 6 8 11 13 15 16 17 19 20 21 22 26 27 29 30 34 35 36 37 38 39 40 45 46 51 53 54 57 62 63 64 66 67 68 71 72 77 78 80 82 83 85 90 93 95 96 97 99 102 103 104 105 110 112 113 115 119 121 122 123 125 129 131 133 135 136 137 138 140 146 148 149 150 151 153 154 156 157 163 165 166 170 172 173 176 177 180 181 
1 2 4 5 6 8 9 11 12 13 16 19 20 21 22 25 27 29 31 32 33 35 36 38 39 41 44 46 47 48 51 53 56 58 59 60 64 65 67 68 71 73 75 77 81 82 84 85 86 87 89 90 94 96 97 101 104 105 107 108 109 110 111 115 118 120 122 129 133 134 137 141 143 145 146 147 149 150 151 152 156 162 164 166 167 168 175 176 177 178 180 
1 2 3 7 9 10 12 13 15 16 19 20 22 23 28 30 32 34 35 38 41 43 44 46 47 48 51 53 57 62 64 65 66 68 69 74 76 78 79 80 81 84 87 92 93 95 96 97 98 100 102 103 104 106 109 113 116 117 125 127 128 129 130 132 133 136 137 139 142 143 146 147 148 149 151 156 161 162 163 165 166 168 171 173 174 175 176 177 178 179 181 
0 1 3 4 7 9 11 12 14 17 18 21 22 24 26 27 28 29 30 31 35 36 39 40 42 43 44 45 49 51 53 56 57 59 62 63 67 68 70 73 74 76 78 81 82 85 86 89 90 91 94 97 98 99 100 106 108 109 110 113 115 116 120 124 126 127 128 129 130 131 132 134 139 141 142 145 148 149 150 153 154 156 159 161 165 167 170 171 175 178 180 
0 1 3 4 5 6 7 8 10 12 13 15 16 17 18 19 20 21 22 23 25 27 30 31 34 35 37 38 40 48 52 55 59 60 61 62 63 64 66 68 69 71 73 74 78 80 84 85 87 89 94 96 97 98 99 101 103 104 108 110 114 115 116 119 120 123 125 127 129 130 133 137 140 142 143 145 150 152 153 154 156 157 160 163 165 170 174 176 177 180 181 
0 7 8 10 15 16 17 18 19 21 24 26 28 29 30 31 33 34 37 39 40 41 43 44 46 47 49 51 53 55 56 57 58 59 61 63 64 65 68 71 73 76 77 80 81 82 83 84 85 90 91 97 98 100 101 104 106 107 110 111 115 117 118 119 121 126 128 130 131 134 136 138 139 141 146 147 150 152 155 157 158 164 166 167 170 173 174 175 176 178 180 
0 1 4 5 7 9 10 15 16 18 19 21 22 25 26 28 35 36 37 39 40 41 43 45 46 47 48 51 52 53 55 57 58 59 60 65 66 69 71 72 73 75 77 81 82 83 86 89 90 96 102 104 109 110 111 118 119 120 122 123 124 126 129 132 136 137 139 140 142 143 144 145 150 151 152 154 155 156 158 159 161 163 165 166 167 169 173 174 175 176 180 
0 1 6 8 10 11 13 14 15 17 18 24 26 27 30 31 33 34 35 38 39 46 49 52 56 57 58 61 62 63 64 67 68 69 71 72 73 74 75 77 80 81 82 86 87 89 90 92 95 96 97 98 102 104 105 107 109 110 111 113 114 115 116 118 119 121 122 125 127 130 132 133 144 145 147 149 152 153 154 155 156 157 160 163 164 168 172 174 175 176 178 
2 3 5 6 11 15 17 18 19 21 22 24 25 26 27 28 34 35 38 39 41 44 45 46 47 51 52 53 54 55 56 59 65 66 68 70 71 72 74 76 78 81 84 86 88 91 94 97 100 103 107 111 113 115 116 118 119 123 126 128 130 131 132 134 140 142 144 145 146 150 151 152 153 155 157 158 159 160 162 165 166 169 170 171 173 175 176 177 179 180 181 
0 1 2 4 5 6 9 10 11 17 19 21 23 25 28 31 34 39 41 43 44 48 49 52 53 55 56 58 59 60 62 63 66 67 68 69 73 74 75 78 81 84 85 86 90 91 93 94 96 97 98 101 102 106 108 112 113 114 115 116 118 119 120 121 122 124 125 127 132 135 137 140 144 145 149 150 151 153 156 157 160 162 163 165 167 169 171 172 175 178 179 
0 1 2 4 8 9 12 13 16 17 20 22 24 25 27 28 29 31 36 37 39 41 42 43 45 46 47 48 49 50 52 57 61 62 63 65 68 71 75 76 77 81 82 85 86 90 92 93 95 98 99 105 106 109 110 115 117 118 120 122 124 126 128 129 132 136 137 138 139 140 141 142 143 144 145 146 147 148 151 152 153 155 156 165 168 170 172 173 177 178 180 
0 4 6 7 11 12 13 15 16 17 19 21 22 27 29 30 31 32 35 36 42 43 44 46 50 52 54 59 62 66 67 71 72 73 74 78 80 81 83 84 85 87 90 94 95 98 100 101 102 107 108 109 111 113 114 115 118 122 123 124 125 128 129 132 135 136 137 139 140 141 143 147 149 150 154 155 156 158 160 161 162 163 165 167 168 169 170 171 173 179 181 
1 2 3 4 5 7 8 13 15 18 19 20 22 23 24 25 29 32 34 35 36 38 39 40 41 42 47 48 51 52 54 55 57 58 61 63 66 67 69 70 71 72 79 82 84 85 87 88 89 90 91 94 98 101 104 106 108 109 110 113 114 117 120 121 122 123 126 127 128 129 130 131 135 137 138 143 144 153 155 156 157 159 162 163 165 166 170 171 174 175 177 
2 3 4 5 7 8 9 10 14 15 19 21 22 25 27 28 29 30 34 38 39 40 41 43 44 49 50 51 52 54 55 56 57 59 60 63 66 69 72 73 76 77 78 81 82 83 84 85 86 87 88 89 92 94 99 101 102 103 106 108 109 111 123 124 128 129 132 136 137 143 144 148 151 152 155 156 157 158 161 164 166 168 169 170 174 175 177 178 179 180 181 
1 4 5 7 8 11 13 17 21 22 25 30 31 32 33 34 36 37 38 39 41 42 46 47 50 51 53 56 61 62 64 66 68 69 70 72 74 76 78 79 80 83 85 87 88 89 91 93 94 97 98 100 103 105 106 109 110 114 115 119 120 123 124 126 128 131 136 137 139 140 142 143 144 147 148 153 155 156 157 162 166 167 168 170 171 173 175 176 177 179 181 
3 6 7 9 10 11 13 17 22 27 30 31 32 36 37 39 43 46 47 48 53 57 58 59 61 63 64 65 67 70 71 74 75 76 78 81 86 88 89 94 95 96 97 101 102 104 105 106 109 110 115 116 117 118 120 121 122 123 124 125 126 127 128 129 130 132 134 135 137 139 141 146 148 149 150 151 153 155 157 158 160 161 162 168 169 170 171 172 176 180 181 
0 2 4 5 6 9 11 12 13 14 15 17 18 26 27 31 32 35 36 39 40 44 46 48 49 50 51 52 56 57 60 63 64 65 66 71 72 75 79 80 82 84 86 88 89 90 93 95 97 99 101 104 105 106 107 112 113 119 120 122 123 125 126 127 130 131 133 137 143 145 146 147 148 149 151 153 155 157 158 159 161 163 166 169 171 172 173 174 175 177 180 
0 1 5 6 8 9 10 11 12 14 15 16 18 20 21 23 24 26 30 34 35 40 41 42 45 48 49 51 52 53 54 57 58 59 62 63 65 66 67 69 72 73 74 79 80 83 85 88 89 91 97 98 99 100 101 104 105 106 108 110 112 114 115 116 121 123 126 127 129 130 133 134 142 145 148 150 151 152 153 155 157 162 165 166 168 170 171 173 174 179 181 
0 4 5 7 9 12 14 18 19 21 22 23 24 25 30 32 34 35 37 41 43 44 45 47 48 51 52 54 55 56 60 61 62 63 64 66 69 71 76 77 78 80 81 82 83 85 94 95 97 98 100 102 103 108 110 114 115 116 117 122 123 124 125 128 131 134 135 136 137 138 141 143 144 147 148 150 152 153 155 158 160 169 170 171 172 173 174 175 176 180 181 
0 3 4 8 11 13 17 21 22 23 24 25 27 28 32 34 35 39 40 42 43 44 46 49 50 51 52 55 56 59 60 62 65 66 67 69 73 77 78 82 84 85 87 90 91 92 94 97 100 104 105 106 107 110 111 113 114 115 116 120 121 123 124 125 126 127 131 132 135 136 137 138 139 140 141 142 143 144 146 147 150 151 152 156 157 163 165 169 172 176 178 
1 3 4 5 6 7 9 10 14 16 19 23 25 27 29 32 33 36 40 41 44 45 46 47 49 50 51 52 53 55 56 59 61 62 63 65 67 68 69 70 74 76 77 78 79 80 84 85 86 87 89 90 91 95 96 99 100 102 103 104 107 108 109 110 113 115 116 119 122 124 130 131 133 134 136 139 140 146 149 152 157 161 164 166 167 171 176 178 179 180 181 
0 5 10 11 12 15 19 22 23 24 25 27 28 35 36 41 43 45 47 51 52 53 55 56 57 58 59 63 70 73 74 76 77 79 80 81 83 86 88 89 93 94 97 99 100 102 104 106 110 111 112 114 115 116 120 123 124 127 128 129 130 131 133 137 143 144 145 146 147 148 150 151 156 157 159 160 162 163 164 165 166 168 169 170 171 172 173 176 179 180 181 
3 4 5 6 8 9 10 12 13 15 16 18 19 23 24 25 26 28 29 30 37 38 39 40 42 43 44 46 47 48 50 51 52 55 57 58 59 60 70 73 74 75 76 79 81 82 84 85 87 90 96 97 100 101 102 104 105 110 113 114 115 117 118 120 122 123 125 127 128 132 133 134 136 139 140 142 143 147 149 151 153 155 157 160 165 166 167 176 177 178 181 
0 1 4 10 11 15 19 23 24 25 27 29 30 31 33 34 35 36 37 38 39 40 44 47 48 52 53 57 61 63 64 65 66 67 69 71 72 74 76 79 80 82 83 84 87 88 91 94 95 96 97 98 99 102 104 105 107 108 109 113 114 115 117 120 124 130 131 132 134 135 137 139 140 141 144 147 151 152 154 159 162 163 164 170 171 172 175 176 177 179 180 
0 1 2 4 5 6 7 8 14 16 18 19 20 22 24 26 29 30 31 33 34 35 36 37 38 40 43 46 48 49 50 51 55 56 57 61 62 66 69 70 73 74 75 78 81 82 83 84 85 86 89 91 92 96 97 98 101 102 104 105 106 108 109 110 111 113 115 116 122 130 133 134 135 136 138 139 140 143 150 156 158 159 160 161 166 172 173 176 177 180 181 
0 4 10 11 13 14 16 17 18 20 22 23 24 26 27 28 29 32 33 34 35 36 37 38 39 41 46 47 48 51 53 54 55 56 57 60 63 66 67 70 74 76 81 82 85 86 89 91 92 93 94 95 100 101 102 103 104 114 119 124 125 126 127 130 131 134 135 137 138 139 140 141 145 150 151 152 154 160 161 163 165 167 168 169 170 172 174 176 177 179 180 
0 2 4 5 6 7 10 11 12 16 19 21 22 25 30 32 33 34 35 36 37 38 39 41 42 43 44 47 49 50 53 54 56 58 59 60 62 63 66 68 69 70 71 73 74 77 78 80 82 85 87 89 91 92 93 94 98 100 103 109 110 112 115 116 121 122 123 128 133 137 138 139 140 143 144 145 151 152 155 157 158 159 160 164 167 169 171 174 176 177 181 
1 4 5 6 7 9 10 11 12 13 14 16 18 19 22 25 26 27 28 29 30 31 34 35 36 37 41 44 45 46 47 54 55 57 58 59 61 62 64 68 69 70 72 73 74 76 80 83 84 87 88 89 90 91 92 93 96 97 98 100 102 103 113 114 117 122 124 125 127 129 131 133 136 140 144 147 148 150 151 153 156 157 158 160 163 164 168 171 176 177 180 
0 2 7 10 11 13 14 15 16 18 21 22 23 24 25 29 30 40 42 43 44 45 47 48 52 53 54 55 56 57 58 59 60 63 66 70 71 72 74 75 81 82 83 84 85 86 87 88 89 93 96 98 99 100 103 104 106 113 115 118 119 121 122 123 125 130 131 137 139 141 144 145 146 147 150 152 153 154 155 157 158 159 165 166 167 168 169 171 175 178 181 
